{"model":"AI-Q-2010", "SN":"A011558",
"rAccel":6000, "rTemper":2000,
"cK0":486.0,"cK1":1.295046,
"pK0":[486.0, 1.870944e1, 5.142527e-3, 6.496255e-5, 9.214081e-7],
"pK1":[1.295046, -6.878125e-6, 5.219842e-7,-2.44001e-9, 1.239228e-12] }
