{"model":"AI-Q-2010", "SN":"A011550",
"rAccel":6000, "rTemper":2000,
"cK0":-2575,"cK1":1.322186,
"pK0":[-2575.14, 1.39958e1, 7.810117e-3, -3.061639e-4, -3.746297e-7],
"pK1":[1.322186, 4.267363e-5, 3.473267e-7, -2.173638e-9, 1.329401e-12] }
